17.49
17.49
7.94
11.28
11.28
11.28
9.78
9.78
11.23
11.23
11.23
11.23
5.56
5.56
17.49
17.49
7.33
7.33
7.33
94
3.47
3.47
17.49
17.49
17.49
17.49
8.26
5.64
89.00
89.00
15.99
15.99
9.99
9.99
9.99
9.99
9.99
15.70
15.70
15.70
15.70
15.70
15.70
7.34
16.65
4.4
12.35
12.35
12.35
12.35
12.35
12.35
12.35
12.35
12.35
5.29
6.00
6.00
3.71
8.17
15.09
8.33
6.00
11.66
6.6
6.83
6.83
5.54
5.54
7.17
38.1
5.04
15.27
10.00
11.55
4.88
6.88
9.67
3.45
3.08
8.24
13.43
4.64
7.44
48
5.54
5.28
5.28
48.41
48.41
4.44
10.34
06
16.54
9.50
5.28
5.28
19.96
38.05
19.64
10.93
3.3
4.28
9.25
12.54
8.11
5.46
40.05
3.13
1.86
14.64
9.38
40
9.38
7.51
32.43
7.43
7.43
4.44
4.44
8.89
7.44
4.19
4.90
49.97
35.28
12.74
31.53
4.70
33.0
12.74
0.48
35.67
43
9.81
8.7
42.50
16.60
15.8
10.69
4.6
1.15
5.06
11.37
11.37
16.03
4.75
4.75
0.68
13.67
56.65
19.95
9.84
13.53
7.50
7.50
7.50
35.88
5.43
7.60
57
8.31
14.99
7.50
44.80
7.31
4.6
4.17
6.79
50.00
50.00
5.7
44
32.60
6.79
30.91
58
5.31
13.06
32.46
9.41
19.00
7.67
7.00
6.09
9.87
17.36
17.36
35.84
35.84
7.55
8.00
8.00
10.68
18.91
48.35
13.91
10.97
5.13
5.13
12.88
37.00
0.53
14.66
9.87
42.8
9.5
7.33
8.80
47.57
00
46.21
10.44
10.43
12.39
16.99
3.30
10.51
32.41
10.86
19.60
7.31
1.8
17.38
18.41
19.71
10.43
7.61
9.20
7.28
18.4
7.94
3.0
3.0
5.56
5.93
99
43.64
37.83
0.30
7.59
37.83
37.8
37.83
14.8
1.50
4.30
6.7
4.30
6.7
52.54
58.37
6.78
8.04
31.39
31.39
6.85
14.00
39.99
39.99
39.99
9.99
35.99
18.00
00
11.18
15
19.77
8.99
13.33
7.70
4.90
4.89
5.08
6.50
3.49
39.41
11.9
17.99
13.36
13.36
13.06
4.81
5.70
47.50
8.11
1.81
6.07
7.50
38.07
4.88
17.19
31.44
17.19
11.8
36.73
30.06
51.03
4.20
44.19
5.93
32.25
33.88
8.88
14.46
18.24
14.43
1.75
1.80
19.20
3.00
1.80
1.80
42.40
10.74
10.74
7.23
0.04
19.4
36.77
32.6
4.00
4.00
4.00
1.01
4.00
7.5
6
15.28
5.26
6.88
32.94
9.58
19.77
16.9
17.77
12.17
13.50
0.28
60.13
12.16
7.31
35.76
9.97
9.97
10.07
35.01
43.00
40.50
13.44
16.30
17.25
10.94
4.89
35.84
0.7
16.3
5.07
47.50
52.01
16.71
6.40
7.00
0.64
9.59
9.76
9.08
8.4
8.43
12.63
6.05
3.24
13.10
64
5.10
5.63
4.5
8.21
7.19
11.55
11.55
7.19
8.21
17
9.5
10.49
11.09
32.68
4.89
7.28
12.19
3.79
4.99
16.73
16.08
0.01
14.3
9.50
5.63
10.51
10.51
37.6
34.94
12.54
48.57
45.05
15.66
15
13.47
0.16
9.00
13.47
16.33
10.97
10.65
5.10
11.08
7.3
5.66
5.63
5.95
64
12.99
3.69
53
3.49
3.49
8.46
8.00
33.19
4.99
4.99
35.67
7.67
32.57
32.85
7.67
49.91
6.94
34.84
7.31
49.91
13.36
12.19
3.29
15.75
3.49
8.38
43.36
39.46
4.89
7.3
10.65
8
15.4
15.24
7.28
17.79
5.64
35.99
35.99
8.90
6.90
8.90
7.50
7.50
4
3.90
32.60
17.01
13.59
18.5
19.0
31.43
17.69
19.0
31.36
43.68
33.60
7.44
11.37
11.37
11.37
11.37
8.60
5.81
8.60
31.33
58.50
4.7
7.00
00
14.91
6.05
53
58.24
9.05
9.63
55.66
9.63
9.00
40
1.80
38.65
01
5.0
7.23
5.0
41.18
01
16.99
01
16.99
16.99
7.1
16.99
17.99
16.99
42.56
33.59
42.56
8.50
8.50
1.30
1.30
1.80
1.4
12.89
14.66
12.89
12.89
6.24
31.84
36.09
41
31.89
4.00
7.80
6.47
6.87
8.14
14.73
14.73
11.78
4.29
4.39
8.60
5.08
17
6.94
15.97
36.48
19.38
33.41
1.73
5.46
3.05
32.43
6.11
30.88
12.21
12.21
3.28
9.80
8.20
44.79
1.84
10.79
99.00
12.6
8.46
32.60
7.78
31.05
13
14.00
14.50
34.15
9.00
5.53
5.53
18.88
4.10
4.99
4.99
4.99
4.43
41.44
41.44
12.99
14.95
13.50
41.44
0.61
43.68
0.61
6.88
43.68
0.61
41.44
0.61
0.61
18.83
43.68
0.61
9.97
7.90
7.90
33.89
7.14
1.1
30.13
7.36
30.9
14.00
42.50
17.63
15.07
9.95
12.90
46.35
46.35
52.63
32.60
40.05
12.14
12.14
0.16
7.1
43.36
9.50
71.99
66.85
43.00
9.50
0.16
15.87
35.28
9.99
39.98
9.1
5.85
5.85
6.05
07
13.17
16.30
0.16
102.00
76.00
76.00
14.50
12.21
8.70
15.00
8.5
14.99
11.89
17.79
33.89
43.88
43.88
46.73
19.95
35.28
1.94
7.50
9.99
17.79
1.96
9.99
9.99
16.99
4.64
10.05
10.05
14.99
18.63
12.26
16.09
19.50
7.50
16.90
0.00
0.00
3.00
17.00
8.50
3.00
8.10
18.01
5.60
8.00
5.00
10.79
10.79
39.98
11.83
1.00
36.97
7.71
6.88
34.9
34.20
13.45
1.49
47.13
6.00
10.00
39.20
6.30
06
31.9
10.1
19.40
1.00
39.70
38.00
97.44
39.70
9.7
9.7
38.00
84
15.99
15.99
15.99
39.70
97.44
38.00
39.70
12.15
38.08
51.48
51.48
11.00
14.9
14.9
47
1.00
46.00
4.65
4.30
13.66
18.63
16.09
10.05
3.84
18.63
1.00
6.00
6.00
7.40
9.90
4.20
12.06
14.33
12.06
12.80
16
8.10
4.20
8.10
4.20
19.49
7.7
12.84
10.05
8.07
8.07
46.68
19.68
8.07
8.06
8.70
7.86
33
1.94
1.94
19.4
33.58
19.64
5.95
19.00
13.29
40.66
5.00
3.79
36.90
15.00
16.00
9.00
11.20
10.00
11.20
12.80
8.00
12.80
12.00
9.00
9.00
9.00
11.70
0.27
6.9
5.7
44.76
11.99
50.14
48.26
6.9
6.24
38.98
19.16
55.11
40.46
41.73
6.9
9.47
15.97
7.19
14.43
4.43
5.54
5.54
5.54
14.43
5.54
5.54
18.90
4.43
4.43
14.43
18.99
12.58
1.75
38.29
42.50
45.75
37.99
8.40
46.06
5.00
5.00
11.10
5.00
57.95
38.43
58.07
4.90
9.99
4.90
4.50
8.88
1
8.88
9.99
3.00
39.20
3.70
15.57
17.59
10.80
17.59
5.99
1.56
19.19
4.67
18.00
18.00
12.00
16.00
8.00
9.00
8.00
10.00
9.00
13.84
11.80
11.16
7.81
0.00
5.54
5.54
18.93
44.80
5.25
6.95
5.31
41.49
0.66
5.55
5.55
7.00
39.99
45.00
0.75
8.65
38.90
77
4.99
77
77
36
6.30
32.91
17.89
56.36
4.00
56.36
8.99
80
8.99
4.00
7.60
35.90
4.90
39.95
38.95
34.90
14.90
13.63
53
6.05
4.88
11.55
3.84
9.30
6.70
9.30
8.90
00
5.21
5.47
1.67
3.36
18.57
4.89
35.20
6.90
9.99
14.90
40.68
40.4
34.99
6.90
6.90
5.81
7.50
0.44
0.59
6.77
12.99
12.99
17.59
58.75
7.98
17.59
17.59
7.43
99
10.90
10.99
10.99
11.35
1
14.43
14.43
1
14.43
14.43
1
1
14.43
1
1
14.43
14.43
14.43
1
54.38
31.27
50.27
3.75
32.61
9.41
9.99
7.39
6.00
14.43
14.43
14.43
14.43
10.49
36.99
15.99
18.50
5.57
7.77
7.77
7.77
7.77
7.77
9.90
9.90
5.66
10.65
10.65
4.5
9.95
4.99
35.98
5.78
85
31.3
43.48
14.99
13.71
11.99
6.99
11.99
14.99
11.99
14.99
44
11.00
9.99
11.99
15
8.21
5.04
9.97
6.88
10.00
32.93
8.90
14.26
4.00
49
5.56
14.00
