15.74
15.74
7.15
10.15
10.15
10.15
8.80
8.80
10.11
10.11
10.11
10.11
5.00
5.00
15.74
15.74
7.33
7.33
7.33
65
1.1
1.1
15.74
15.74
15.74
15.74
7.43
5.08
89.00
89.00
15.99
15.99
9.99
9.99
9.99
9.99
9.99
15.70
15.70
15.70
15.70
15.70
15.70
7.27
14.99
4.24
11.9
11.47
11.47
11.47
11.47
11.47
11.47
11.47
11.36
5.13
5.81
5.81
3.45
7.66
14.79
7.75
5.81
10.84
6.41
6.56
6.56
4.99
4.99
7.15
37.36
4.99
14.96
10.00
11.55
4.88
5.54
9.38
3.45
3.08
8.06
13.03
3.41
6.07
1.36
4.5
4.86
5.01
45.99
45.99
4.39
9.97
06
15.86
9.31
5.01
5.01
19.56
36.15
18.66
9.27
81
3.6
7.84
11.91
7.79
4.37
39.25
1.97
0.77
14.05
3.50
1.50
3.50
01
5.94
7.28
7.13
4.39
4.39
8.6
6.07
4.13
4.80
49.97
34
12.10
30.58
4.31
31.37
12.10
19.25
34.96
1.08
9.61
17.23
40.38
15.77
15.34
10.26
3.39
0.09
4.29
11.11
11.03
15.39
4.56
4.56
0.06
13.26
52.40
18.95
9.39
13.1
7.50
7.50
7.50
34.80
4.67
6.77
47
8.13
14.69
7.50
42.56
6.94
4.25
4.15
5.45
48.50
48.50
4.43
1.3
31.6
5.45
9.36
1.45
5.04
12.41
32.14
8.8
18.6
7.1
6.46
4.93
9.53
15.6
15.6
34.05
34.05
6.17
7.44
7.44
10.30
17.96
47.6
13.35
10.53
4.98
4.98
12.66
35.15
19.50
13.93
9.53
41.96
8.57
7.11
8.54
46.6
1.56
45.29
10.17
10.01
11.77
16.65
3.14
9.98
30.79
10.3
18.6
7.0
0.29
16.08
17.49
18.7
10.01
7.38
8.9
5.9
17.50
6.54
3.0
3.0
5.56
5.84
99
42.33
37.07
19.29
6.21
37.07
37.06
37.07
14.08
1.07
4.30
6.67
4.30
6.67
49.91
55.45
5.44
6.64
9.8
9.8
6.73
14.00
38.79
38.79
38.79
9.09
34.91
17.28
1.56
10.29
14.61
18.98
8.99
12.66
7.3
4.90
4.74
4.88
6.50
3.49
38.23
11.56
17.45
13.09
13.09
12.54
4.6
4.4
46.55
7.70
1.81
5.18
7.50
37.50
4.64
16.33
30.81
16.33
11.58
36.00
6.00
49.24
99
41.98
5.41
31.77
33.37
8.44
13.95
17.33
13.14
13.05
1.36
18.6
16.00
15.25
1.36
40.28
10.20
10.20
6.87
18.64
11.65
36.03
31.97
80
80
80
19.54
80
6.14
4.91
14.5
4.00
5.54
31.29
8.10
18.78
16.07
16.88
11.80
12.83
19.27
57.1
11.70
6.80
35.04
8.6
8.6
9.77
34.31
41.71
39.29
12.58
15.23
16.11
10.65
4.74
34.05
19.68
15.18
3.3
46.55
49.41
15.71
5.08
7.00
19.61
9.11
9.27
8.63
8.15
7.65
12.15
5.75
3.16
12.45
51
4.85
5.40
4.34
7.88
6.90
10.97
10.97
6.90
7.88
17
9.07
9.54
10.54
31.05
4.74
6.46
11.58
3.49
4.6
16.23
15.60
19.01
13.60
8.6
5.40
9.98
9.98
35.74
33.19
11.91
46.14
42.80
14.88
1.04
13.08
19.15
8.55
13.08
15.51
10.4
10
4.69
10.53
7.03
5.43
5.40
5.17
51
12.99
7
40
3.49
3.49
7.89
7.84
32.53
4.49
4.49
34.96
7.1
31.9
32.19
7.1
48.91
6.59
33.79
7.0
48.91
12.69
11.70
47
14.96
3.49
8.11
42.49
37.49
4.74
7.03
10
71
14.96
14.78
7.14
17.23
5.56
34.91
34.91
8.90
6.90
8.90
7.50
7.50
4
3.90
31.6
16.67
13.3
18.15
18.64
30.80
17.34
18.64
30.4
42.37
32.59
6.07
11.11
11.03
11.03
11.11
8.26
5.64
8.26
9.76
55.58
3.48
5.65
1.34
14.46
6.05
53
55.33
8.69
9.19
53.71
9.19
8.55
36
1.36
37.10
01
4.7
6.80
4.7
39.1
01
16.14
01
16.14
16.14
6.76
16.14
17.09
16.14
40.58
32.06
40.58
8.50
8.50
12.78
12.78
13.08
0.35
12.5
14.37
12.5
12.5
6.14
30.25
35.55
31
30.30
3.84
7.41
5.56
6.74
7.96
14.14
14.14
11.31
4.29
4.39
8.26
3.83
16.36
6.25
15.17
34.66
18.41
33.41
1.64
5.19
90
32.43
5.50
9.34
11.07
11.07
3.27
9.68
8.11
43.45
1.18
10.36
96.03
10.71
7.17
31.6
6.39
30.74
1.0
14.00
14.50
33.81
8.55
4.25
4.25
17.94
3.86
4.64
4.64
4.64
4.14
39.37
39.37
12.75
14.65
13.24
39.37
19.58
41.50
19.58
5.69
41.50
19.58
39.37
19.58
19.58
17.89
41.64
19.58
9.84
7.83
7.83
31.5
6.78
0.06
9.23
7.14
9.99
13.58
41.23
17.10
14.47
9.55
12.38
44.96
44.96
51.05
31.6
38.05
11.65
11.65
19.15
6.76
42.06
8.6
68.39
63.51
40.85
9
19.96
15.71
33.5
9.09
38.78
8.25
5.53
5.53
5.75
07
13.04
16.14
19.96
99.96
74.48
74.48
14.29
11.07
8.50
10.99
7.17
14.39
10.94
17.05
33.21
43.00
43.00
46.26
19.75
33.5
1.28
7.35
8.49
17.05
0.86
8.49
8.49
16.65
3.41
9.65
9.65
13.49
17.88
11.65
15.29
18.99
6.68
16.39
19.00
19.00
1.85
16.15
8.31
1.85
6.70
17.65
5.38
7.84
4.50
10.36
10.36
39.18
11.59
1.00
35.1
6.3
6.34
33.87
33.17
13.21
0.63
44.77
5.48
9.80
37.24
5.34
06
30.96
9.7
19.01
0.16
38.91
37.24
97.44
38.91
9.33
9.48
37.24
73
15.19
15.19
15.19
38.91
97.44
37.24
38.91
11.54
36.18
50.71
50.71
10.56
14.3
14.3
46.28
1.00
46.00
4.61
4.13
12.98
17.88
15.29
9.65
3.84
17.88
1.00
6.00
6.00
7.18
9.60
99
11.46
13.61
11.46
12.4
1.05
6.70
99
6.70
99
18.86
7.56
12.48
9.65
7.90
7.90
44.35
18.70
7.75
7.40
8.50
7.07
5
1.90
1.90
19.03
31.90
18.66
5.41
17.48
12.63
38.63
4.25
3.58
35.06
14.55
15.5
8.13
10.86
9.85
10.86
12.57
7.76
12.57
11.79
8.13
8.13
8.88
11.23
19.86
6.50
5.64
44.09
11.99
49.39
47.54
6.65
6.14
37.6
18.49
53.18
39.85
40.27
6.65
9.19
15.41
6.97
13.14
4.14
5.14
5.14
5.15
13.14
5.14
5.14
18.5
4.14
4.14
13.14
18.23
11.95
1.3
36.87
41.23
43.46
37.99
7.98
43.76
50
50
9.99
50
56.79
37.66
56.91
3.90
9.79
3.90
4.50
8.14
14
8.14
8.79
54
38.81
3.63
15.10
17.21
10.80
17.21
5.99
0.48
18.23
3.44
17.46
17.46
11.79
15.67
7.91
8.13
7.91
9.85
8.13
13.4
10.97
10.38
7.26
19.60
5.14
5.14
17.98
43.90
5.24
6.89
5.30
41.49
19.63
5.14
5.14
6.46
39.19
44.10
0.34
8.08
38.1
64
4.64
64
64
36
5.77
19.75
17.53
54.67
3.5
54.67
8.41
34
8.41
3.5
6
35.18
4.40
39.15
38.17
34.20
14.90
12.95
53
6.05
4.88
11.55
3.84
8.93
6.43
8.93
8.90
1.34
5.00
5.31
1.0
3.26
18.01
4.89
34.50
6.90
9.79
14.75
39.87
39.61
34.29
6.90
6.90
3.49
6.95
0.44
0.59
6.50
12.75
12.75
17.21
55.81
6.58
17.21
17.21
7.21
99
10.68
10.66
10.66
11.01
19.99
12.99
12.99
19.99
12.99
12.99
19.99
19.99
12.99
19.99
19.99
12.99
12.99
12.99
19.99
53.99
30.99
49.99
3.49
31.99
8.8
9.99
7.09
6.00
12.99
12.99
12.99
12.99
10.18
35.88
15.99
18.3
5.35
6.99
6.99
6.99
6.99
6.99
8.99
8.99
5.43
10
10
4.34
9.75
4.49
35.26
4.49
1.71
9.75
42.61
14.69
13.30
11.99
6.99
11.99
14.99
11.99
14.99
1.3
10.78
9.99
11.99
14.61
7.88
4.93
9.07
6.07
9.60
31.94
8.03
13.83
3.28
4
5.56
13.50
